State vector for MT19937:
  1595405311    704131383   3988969909   3495709393   1009903326   1817109403    606287304   4062461935
  1039565860    737502781    858979099   3174794418   1666025852    714482526   3317383716   2086205554
  4214526063   3220883117    890047005   1801028228   4006390669   1467002139   2144154968   1056025908
  3614845340   1966965460   2619054883   2261769504   3511120006   4228485526   1707224295   1374473437
  1980927724   1749694626    772576113   2582947000   2730657670   3051428665   3690942829    273743501
   973660873   2791180918    803091438   2683755281    958831019   2351178660   2732582572   3414892757
  4031806110   2007590178   1693032961   1172236851   1537550318   1980803200   2252768283   3744628500
  1116762955   4021687915   2175565634   4092032123   3874302868   3976659408   1417847677    158063659
  2576212023   4285059626   3891387247   2160877023   4226239861    284145107   4087719813   3819687461
  1864674118    470913612   2320327750   1762456351   2919823650   3334236653   2324179252   1849698461
  3243213276   1912050764   4280661939    520005827   1679683651   4012973151   1024552098   3144715841
  1465842631   3080735607   2798805635   2235491904   1591224934   3066747392   2059474216   2728348300
  1503684710   2197377028   3495545024     20025426   2298991294   1392558225    709429558   3443034293
  3178321462   2957301485    381137845   2342044628   1995229658   2356074196   3767355612   1171658602
  3891036327   3315762469   2657738352   1424868717   3060379664   4016707983   4284219570   2894200652
  2215409726   1592232997   1616219822   2246439558    874336912   1118872397   1579686266    835838214
  2825125342   3008488525    614881965   4074986436   4131501319   4108816153   1822842824   1365597140
  3119855761    688586120   1639698226   1063258794   1765748638   3083002184    729382080   2482042959
  2567842801   2948686448   2652428684   2266813337   3906629563   1912572973    554293746   1545830161
  2456859112   2870111211   2573419655   2675455508     33103178    486222031   1234624841   1343121927
  3130460926    257700365   1082373315   3103793965   3660253487   3944164097    724961904   2163740375
  3852523441   2848021475   3801852271   3876103239   4096603008    855338588   2143667962   2506151094
  2180267956   2171570559   1073751043    660686717   1225660933   3298322505    838254568   3798261567
  3085381476   2589805047    890588003    712227274   4204488558   3651412926   1796030287   4131174533
   945718174    319519767   3247523029   1174449969    106286772     40165833   3877676563   4080014615
  2966160812   2135579759   4073674288   2689813994   3605456212   1395985184   1892224467    276158121
  3103597181   4174222316    214910237    428722756    772485544   1670742045   2622392290   3906108471
  3572421980   3154314836   1072662216   2014918083    805636198   3863275291    713229654   1357259213
   259359324   1554230061   1633752382   2288327102   4006396944    742164324   3155291994   2006025887
  1673964350   4055844804   2823934317   3211069622   3245392880   2315213516   2096697908   1953860824
  1085256589   2235286317   3058772349    330520334    146397050   1106791959   1398445476    274028560
  1178357576   4080556486   2913523891   2020292560   2514673521    742110300    630678858   3606417713
  1240730554   4255954120    393279513    151405536   1156294756   2228911582   2559730898    191174423
  3990776859   4114710145    488143956   1803420207   1327725362    408086316   3634348394   2338816124
   252387526   1364714799   3449096760    165911898   4218961814    696964062    574186924   2411866611
  1906542125   2474998901   1049021197   3610448444   1336077047   3485358635    728824550   2116162525
  1528206060     84135330   4210676748   3614814734   1477653829    737241337   1916447843   2249487825
   367356007   3073528012   1371152496   1759659712   3563730001   2854520711   2106762663   2500538797
  4207559227   2663651657   3925089993     22036709   3651610765   1468596027   1278786840    658767124
  1003392540   3578728005   1656625368   3929731032   3868841379   2774788445    770173625   2955648316
  1292712118    982667380   2348012294    674981335    634404375   3271806808    167084845   3813332744
  1055439775   2475892228   1313214376    430219256    928437796   1490534785   3459045582   3243392816
  2276080495   1005701202    483781548   3711502383   2517878448   1375774607    818879068   2673124259
  2371664093   2258454612   2317193544   2171661709   1402487239   3400460923   2613361334   3346267747
   948223296   2187717537    851784625   2790137656   3189660998   2126524729   3568460926   3717434296
   387593519   1813390324   3584904723   4002831803   3380769540   1765220912   2674112451   2985609620
     9359262   4207245511   2598734534   1865327815   3707697554   2736656554   3328080830   4054448136
  3122249935   4126263130   1803634839   3723750057   1014403214    704972675   3180729133   1992473098
  3400551127   3412392741    793275776   1756148995   2215607630   3778944129   3125859024    510890081
  3129139405    429554228    214174734    808337681   3062416961   3856995580   1922482473    183541335
   504105187   1303772704   3971214743   2620190967   2640391997   4166605936   3638560245   1699545509
  1757309772   2779220986   2026500722   3750835194   1625867225   1200348629   2494626370    931069151
  3632667803    442409369     50308095    228076606    711500826    802204135   2710612169   1777614014
  3205967875   2296216334   4086233446    144864132    814037184   4247659885     54436884   3121705363
    94333157     21623050   3815797924   2388420246   3680874008    537339228   1263794946   3398149350
  3264847121   3743914963   1068681930   2476088685    839058823   1943498496   1936545315   3223924521
  3701675858    587828662   2543145104   2181360989   2157084479   1452202454   1104216729     67198911
  2197880611    500454094   2427906832     24469989   2918592037    400823856   1479307966   1244298794
  2541079495   2045301642    517855913    774551424    395175764   4279515641   2211949432   2536567545
  1630876127   3602807919   2695947382   1060648863   2689272471   2354572198    222739858   3747212921
  1013998082   2195177131   2529536911   1906713988   3812883549   2591219963   2626094371    317370604
  1975130884   3825555426    625612463   3475479542   2362025621   3084290688   4182915384   3534629174
  3476463833   1519919603    768469100    781353103   2659336543   1139380390    840987353   3560075924
  2371552907   1965549318   3633440445   4248680689    401701750   3583106443   3235000486   2138603544
  3553029341    609239959   3572988821    534841905   4120133721   4100165511   1337017626   2527639726
  1478027748    407033442   2345076916   2921977817   1711496819   3120383751   4178686983   1500392355
  3342789370   3227580238    162842739   2461901426    298780740   3153504489   3944966605   2235170397
  2711303315   1834244174     62005317   3329141332   3744646511    815968697    693838107   1634239686
  4072399779    173109313    620434631   2057221030   2891072007   3958094622   2498648471   2668435184
  2047840674   1015657080    337486722    482350709    486570837   4001638326   1163299223   3051327581
  1812975275   1987806531   1440343868   2321736260   1006943698      3295247   1221556001   2189042135
  2669500481    681881512   3633461122   2716528928   2359973542    906884337    707632723   1711203326
  1972137179   2023595587    464438348   3776192575   3285505520   2266789412   3430872388   1212859978
  2578145503    964591226   1307390572    193739852   1353480264    912885786   2720964240   3711874025
  2070624162   1535652000   1059609303   3010062374   4278181000    868575276   2060822450   3874420470
   455314945    168595902   3576049744   3727851034   2920686393   1647541156   1224611703    856123885
  4212629985   2065879691    825158868   1846339079    609876162    585955567    993992625   2981379132
  1577776350   3178689892    655124904   3490224563    561239260   3516971321   1075781712     46799716
